(11111119),
(11111117),
(11111118),
(11111116),
(11111115),
(11111114),
(11111112),
(11111113),
(11111120),
(11111121),
(11111122),
(11111123),
(11111124),
(11111125),
(11111126),
(11111129),
(11111130),
(11111132),
(11111133),
(11111135),
(11111137),
(11111138),
(11111139),
(11111140),
(11111141),
(11111142),
(11111143),
(11111145),
(11111146),
(11111147),
(11111148),
(11111150),
(11111151),
(11111152),
(11111154),
(11111155),
(11111156),
(11111157),
(11111159),
(11111161),
(11111162),
(11111163),
(11111164),
(11111167),
(11111169),
(11111170),
(11111171),
(11111172),
(11111173),
(11111174),
(11111175),
(11111176),
(11111177),
(11111178),
(11111179),
(11111180),
(11111181),
(11111182),
(11111183),
(11111184),
(11111186),
(11111187),
(11111188),
(11111191),
(11111193),
(11111194),
(11111195),
(11111196),
(11111198),
(11111200),
(11111201),
(11111203),
(11111204),
(11111205),
(11111207),
(11111208),
(11111209),
(11111210),
(11111211),
(11111212),
(11111213),
(11111214),
(11111215),
(11111216),
(11111217),
(11111218),
(11111219),
(11111220),
(11111221),
(11111222),
(11111223),
(11111224),
(11111226),
(11111227),
(11111228),
(11111229),
(11111231),
(11111232),
(11111233),
(11111234),
(11111235),
(11111236),
(11111237),
(11111239),
(11111240),
(11111241),
(11111242),
(11111243),
(11111244),
(11111245),
(11111246),
(11111247),
(11111248),
(11111249),
(11111251),
(11111252),
(11111254),
(11111255),
(11111256),
(11111257),
(11111258),
(11111259),
(11111260),
(11111261),
(11111262),
(11111263),
(11111264),
(11111265),
(11111266),
(11111267),
(11111268),
(11111269),
(11111270),
(11111271),
(11111272),
(11111273),
(11111274),
(11111275),
(11111277),
(11111278),
(11111280),
(11111281),
(11111282),
(11111283),
(11111284),
(11111285),
(11111286),
(11111288),
(11111290),
(11111291),
(11111294),
(11111298),
(11111299),
(11111300),
(11111301),
(11111302),
(11111303),
(11111304),
(11111305),
(11111306),
(11111307),
(11111308),
(11111310),
(11111311),
(11111312),
(11111313),
(11111314),
(11111316),
(11111317),
(11111319),
(11111320),
(11111322),
(11111323),
(11111324),
(11111325),
(11111327),
(11111330),
(11111333),
(11111335),
(11111336),
(11111337),
(11111338),
(11111339),
(11111340),
(11111341),
(11111342),
(11111343),
(11111346),
(11111347),
(11111348),
(11111349),
(11111352),
(11111354),
(11111355),
(11111356),
(11111357),
(11111359),
(11111360),
(11111363),
(11111365),
(11111366),
(11111367),
(11111369),
(11111370),
(11111371),
(11111372),
(11111373),
(11111374),
(11111375),
(11111377),
(11111378),
(11111379),
(11111380),
(11111381),
(11111382),
(11111383),
(11111384),
(11111386),
(11111388),
(11111390),
(11111391),
(11111392),
(11111393),
(11111394),
(11111396),
(11111397),
(11111398),
(11111399),
(11111400),
(11111401),
(11111402),
(11111403),
(11111404),
(11111405),
(11111406),
(11111407),
(11111408),
(11111410),
(11111411),
(11111412),
(11111413),
(11111414),
(11111416),
(11111417),
(11111418),
(11111419),
(11111420),
(11111421),
(11111422),
(11111423),
(11111424),
(11111425),
(11111426),
(11111428),
(11111429),
(11111430),
(11111432),
(11111433),
(11111434),
(11111435),
(11111436),
(11111437),
(11111438),
(11111439),
(11111440),
(11111441),
(11111443),
(11111444),
(11111445),
(11111446),
(11111447),
(11111448),
(11111449),
(11111450),
(11111451),
(11111452),
(11111453),
(11111455),
(11111457),
(11111459),
(11111460),
(11111462),
(11111463),
(11111464),
(11111465),
(11111466),
(11111467),
(11111468),
(11111469),
(11111470),
(11111471),
(11111476),
(11111477),
(11111478),
(11111479),
(11111480),
(11111481),
(11111485),
(11111486),
(11111487),
(11111488),
(11111489),
(11111491),
(11111492),
(11111493),
(11111494),
(11111495),
(11111496),
(11111497),
(11111501),
(11111503),
(11111505),
(11111506),
(11111508),
(11111510),
(11111511),
(11111512),
(11111513),
(11111514),
(11111515),
(11111517),
(11111519),
(11111520),
(11111521),
(11111522),
(11111523),
(11111524),
(11111525),
(11111527),
(11111528),
(11111530),
(11111531),
(11111533),
(11111534),
(11111535),
(11111537),
(11111538),
(11111540),
(11111542),
(11111543),
(11111544),
(11111545),
(11111546),
(11111547),
(11111548),
(11111549),
(11111550),
(11111552),
(11111553),
(11111554),
(11111555),
(11111556),
(11111557),
(11111558),
(11111559),
(11111560),
(11111562),
(11111563),
(11111565),
(11111566),
(11111569),
(11111570),
(11111572),
(11111573),
(11111574),
(11111575),
(11111576),
(11111580),
(11111581),
(11111582),
(11111585),
(11111586),
(11111587),
(11111588),
(11111589),
(11111590),
(11111591),
(11111593),
(11111594),
(11111595),
(11111596),
(11111598),
(11111599),
(11111602),
(11111603),
(11111604),
(11111606),
(11111607),
(11111608),
(11111609),
(11111610),
(11111611),
(11111612),
(11111613),
(11111614),
(11111615),
(11111616),
(11111617),
(11111618),
(11111619),
(11111620),
(11111621),
(11111622),
(11111623),
(11111624),
(11111625),
(11111626),
(11111627),
(11111628),
(11111629),
(11111630),
(11111631),
(11111632),
(11111633),
(11111634),
(11111635),
(11111636),
(11111637),
(11111638),
(11111639),
(11111640),
(11111641),
(11111642),
(11111643),
(11111644),
(11111645),
(11111646),
(11111647),
(11111648),
(11111649),
(11111650),
(11111651),
(11111652),
(11111653),
(11111654),
(11111655),
(11111656),
(11111657),
(11111658),
(11111659),
(11111660),
(11111661),
(11111662),
(11111663),
(11111664),
(11111665),
(11111666),
(11111667),
(11111668),
(11111669),
(11111670),
(11111671),
(11111672),
(11111673),
(11111674),
(11111675),
(11111676),
(11111677),
(11111678),
(11111679),
(11111680),
(11111681),
(11111682),
(11111683),
(11111684),
(11111685),
(11111686),
(11111687),
(11111688),
(11111689),
(11111690),
(11111691),
(11111692),
(11111693),
(11111694),
(11111695),
(11111696),
(11111697),
(11111698),
(11111699),
(11111700),
(11111701),
(11111702),
(11111703),
(11111704),
(11111705),
(11111706),
(11111707),
(11111708),
(11111709),
(11111710),
(11111711),